4294967294,97
4294967294,184
4294967278,36
4294967278,346
4294967278,370
4294967279,567
4294967279,13
4294967279,185
4294967278,180
4294967279,180
4294967279,179
4294967279,178
4294967294,995
4294967294,421
4294967294,173
4294967294,163
4294967279,157
229,6
229,5
229,4
229,3
229,2
229,1
4294967278,31
4294967279,353
4294967278,144
4294967278,141
4294967279,140
4294967279,549
4294967278,386
4294967279,352
4294967278,289
4294967279,133
4294967278,276
4294967279,270
4294967279,282
226,6
226,5
226,4
226,3
226,2
226,1
4294967278,274
4294967279,351
4294967279,15
4294967278,215
4294967279,329
4294967278,267
4294967278,281
4294967279,261
4294967279,256
4294967279,257
4294967279,255
4294967278,330
4294967278,329
223,4
223,3
223,2
223,1
4294967279,246
4294967279,520
4294967278,248
222,6
222,5
222,4
222,3
222,2
222,1
4294967278,419
4294967279,240
4294967278,239
4294967279,514
4294967278,237
4294967278,418
4294967279,350
4294967278,213
4294967279,212
4294967278,205
4294967279,208
219,6
219,5
219,4
219,3
219,2
219,1
4294967278,367
4294967279,349
4294967294,1011
4294967278,319
4294967279,202
4294967279,313
4294967278,388
4294967278,379
4294967278,193
4294967279,193
4294967279,310
4294967278,192
4294967278,417
4294967278,416
4294967278,187
4294967279,186
4294967278,185
4294967278,184
4294967279,181
216,6
4294967279,183
216,5
4294967278,182
216,4
4294967279,182
216,3
216,2
216,1
4294967278,181
4294967278,415
4294967278,177
4294967278,176
4294967278,414
4294967278,175
4294967279,175
4294967279,173
4294967279,172
4294967278,171
4294967278,170
4294967279,169
4294967278,165
4294967278,164
213,4
213,3
213,2
213,1
4294967278,163
4294967294,1419
4294967278,162
4294967294,399
4294967294,1416
4294967294,119
4294967294,465
212,6
212,5
4294967279,155
212,4
212,3
212,2
212,1
4294967279,153
4294967278,153
4294967279,150
4294967278,151
211,5
4294967279,149
211,4
211,3
211,2
211,1
4294967279,529
210,5
210,4
210,3
210,2
210,1
4294967279,528
4294967278,333
209,5
209,4
209,3
209,2
209,1
4294967278,288
4294967279,283
4294967278,287
208,4
208,3
208,2
208,1
4294967279,278
4294967279,524
4294967279,280
4294967278,271
4294967294,114
4294967279,569
4294967279,281
4294967294,413
4294967294,407
4294967294,384
4294967294,1005
4294967294,414
4294967294,462
4294967294,449
4294967294,410
4294967294,118
4294967294,451
4294967278,257
4294967279,321
4294967279,52
4294967294,484
4294967278,337
4294967278,361
4294967278,297
4294967278,35
4294967278,33
4294967278,293
4294967278,373
4294967278,27
4294967278,24
4294967278,23
4294967278,22
4294967278,395
4294967278,19
4294967278,14
4294967278,8
4294967278,5
4294967279,132
4294967279,129
4294967279,128
4294967279,127
4294967279,119
4294967279,110
4294967279,109
4294967279,108
4294967279,44
4294967279,548
4294967294,483
4294967278,254
4294967279,124
4294967279,519
4294967278,325
4294967294,1007
4294967294,996
4294967294,161
4294967294,12
4294967279,241
4294967278,232
4294967278,230
4294967278,214
4294967278,413
4294967279,318
4294967278,208
207,5
4294967278,204
207,4
207,3
207,2
207,1
4294967279,563
4294967278,412
4294967278,194
4294967278,316
4294967279,348
205,6
205,5
205,4
205,2
205,1
4294967278,302
4294967279,296
202,6
202,5
202,4
202,2
202,1
4294967279,347
4294967279,346
4294967278,376
4294967279,154
199,4
199,3
199,2
199,1
4294967294,1420
4294967279,145
4294967278,32
4294967278,30
198,6
198,5
198,4
198,2
198,1
4294967279,570
4294967279,284
4294967278,21
4294967279,20
4294967279,269
4294967278,269
4294967278,268
4294967278,9
4294967278,394
4294967278,7
4294967278,393
4294967278,262
4294967279,254
4294967278,258
4294967279,526
4294967279,525
195,6
4294967278,328
195,5
4294967279,523
195,4
195,3
195,2
195,1
4294967278,369
4294967279,126
4294967279,566
4294967278,411
4294967279,251
4294967279,250
4294967278,392
4294967278,250
4294967279,247
4294967278,242
4294967279,245
4294967279,243
4294967278,240
4294967279,234
4294967278,228
4294967279,227
4294967279,225
4294967278,222
4294967278,220
192,6
192,5
4294967278,218
192,4
4294967279,217
192,3
192,2
192,1
4294967279,345
4294967278,216
4294967279,344
4294967278,410
4294967278,210
4294967279,328
4294967278,201
4294967278,200
4294967278,199
189,4
189,3
189,2
189,1
4294967278,198
4294967279,198
4294967279,195
4294967278,195
188,6
4294967294,397
4294967294,180
4294967294,189
4294967294,461
4294967294,386
4294967294,466
4294967279,194
188,5
4294967278,191
4294967278,190
188,4
188,3
188,2
188,1
4294967278,189
4294967278,188
187,5
4294967279,184
187,4
187,3
187,2
187,1
186,5
186,4
186,3
186,2
186,1
4294967279,343
185,5
185,4
185,3
185,2
185,1
4294967294,468
4294967278,301
4294967279,295
184,4
184,3
184,2
184,1
4294967279,293
4294967278,409
4294967279,324
4294967279,565
4294967279,342
4294967279,555
4294967279,551
4294967278,408
4294967279,550
4294967279,323
4294967278,294
4294967279,288
4294967279,112
4294967294,482
4294967294,437
4294967294,18
4294967294,127
4294967294,14
4294967294,126
4294967294,20
4294967294,13
4294967294,104
4294967294,106
4294967294,166
4294967294,24
4294967294,160
4294967294,1094
4294967294,1009
4294967294,1004
4294967294,1002
4294967294,999
4294967294,170
4294967278,383
4294967278,391
4294967278,364
4294967278,311
4294967278,309
4294967278,304
4294967279,307
4294967279,558
4294967279,559
4294967279,304
4294967279,327
4294967279,300
4294967279,260
4294967278,354
4294967278,382
4294967279,518
183,5
183,4
183,3
183,2
183,1
4294967278,385
4294967279,238
4294967278,407
4294967294,409
4294967294,1172
4294967294,415
4294967294,416
4294967294,454
4294967294,391
4294967294,1414
4294967294,1013
4294967294,1014
181,6
181,5
181,4
181,2
181,1
4294967279,216
4294967279,319
4294967278,390
4294967278,320
4294967279,206
4294967279,562
4294967279,561
4294967279,197
4294967278,317
4294967278,315
178,6
178,5
178,4
178,2
178,1
4294967279,187
4294967278,183
175,4
175,3
175,2
175,1
4294967278,303
4294967278,172
4294967278,169
4294967279,168
4294967278,167
4294967279,167
4294967278,166
4294967279,166
174,6
174,5
174,4
174,2
174,1
4294967278,298
4294967278,362
4294967279,553
4294967278,157
4294967278,156
4294967279,152
4294967278,360
4294967278,150
4294967279,341
4294967279,141
171,6
4294967279,138
171,5
171,4
171,3
171,2
171,1
4294967279,286
4294967279,285
4294967278,406
4294967279,279
4294967279,263
4294967278,405
4294967279,262
4294967279,259
4294967278,263
4294967294,1421
4294967279,340
4294967278,264
4294967278,357
4294967278,285
4294967294,389
4294967294,1095
4294967279,325
4294967279,326
168,6
168,5
168,4
168,3
168,2
